# Created by Octave 3.2.4, Wed May 11 12:56:13 2011 CEST <bastian@snotra>
# name: ideep
# type: matrix
# rows: 64
# columns: 128
 0 0 0 0 0 0 0 0 0 0 0 0 0 0 0 0 0 0 0 0 0 0 0 0 0 0 0 0 0 0 0 0 0 0 0 0 0 0 0 0 0 0 0 0 0 0 0 0 0 0 0 0 0 0 0 0 0 0 0 0 0 0 0 0 0 0 0 0 0 0 0 0 0 0 0 0 0 0 0 0 0 0 0 0 0 0 0 0 0 0 0 0 0 0 0 0 0 0 0 0 0 0 0 0 0 0 0 0 0 0 0 0 0 0 0 0 0 0 0 0 0 0 0 0 0 0 0 0
 0 0 0 0 0 0 0 0 0 0 0 0 0 0 0 0 0 0 0 0 0 0 0 0 0 0 0 0 0 0 0 0 0 0 0 0 0 0 0 0 0 0 0 0 0 0 0 0 0 0 0 0 0 0 0 0 0 0 0 0 0 0 0 0 0 0 0 0 0 0 0 0 0 0 0 0 0 0 0 0 0 0 0 0 0 0 0 0 0 0 0 0 0 0 0 0 0 0 0 0 0 0 0 0 0 0 0 0 0 0 0 0 0 0 0 0 0 0 0 0 0 0 0 0 0 0 0 0
 0 0 0 0 0 0 0 0 0 0 0 0 0 0 0 0 0 0 0 0 0 0 0 0 0 0 0 0 0 0 0 0 0 0 0 0 0 0 0 0 0 0 0 0 0 0 0 0 0 0 0 0 0 0 0 0 0 0 0 0 0 0 0 0 0 0 0 0 0 0 0 0 0 0 0 0 0 0 0 0 0 0 0 0 0 0 0 0 0 0 0 0 0 0 0 0 0 0 0 0 0 0 0 0 0 0 0 0 0 0 0 0 0 0 0 0 0 0 0 0 0 0 0 0 0 0 0 0
 0 0 0 0 0 0 0 0 0 0 0 0 0 0 0 0 0 0 0 0 0 0 0 0 0 0 0 0 0 0 0 0 0 0 0 0 0 0 0 0 0 0 0 0 0 0 0 0 0 0 0 0 0 0 0 0 0 0 0 0 0 0 0 0 0 0 0 0 0 0 0 0 0 0 0 0 0 0 0 0 0 0 0 0 0 0 0 0 0 0 0 0 0 0 0 0 0 0 0 0 0 0 0 0 0 0 0 0 0 0 0 0 0 0 0 0 0 0 0 0 0 0 0 0 0 0 0 0
 0 0 0 0 0 0 0 0 0 0 0 0 0 0 0 0 0 0 0 0 0 0 0 0 0 0 0 0 0 0 0 0 0 0 0 0 0 0 0 0 0 0 0 0 0 0 0 0 0 0 0 0 0 0 0 0 0 0 0 0 4 4 4 4 4 4 4 4 4 4 4 4 3 0 0 0 0 0 0 0 0 0 0 0 0 0 0 0 0 0 0 0 0 0 0 0 0 0 0 0 0 0 0 0 0 0 3 3 3 1 0 0 2 4 4 2 0 0 0 0 0 0 0 0 0 0 0 0
 0 0 0 0 0 0 0 0 0 0 0 0 0 0 0 0 0 0 0 0 0 0 0 0 0 0 0 0 0 0 0 0 0 0 0 0 0 0 0 0 0 0 0 0 0 0 0 0 0 0 0 0 0 0 0 0 0 0 0 1 3 4 4 4 4 6 12 12 12 12 12 13 13 13 12 12 9 8 6 5 2 0 0 0 0 0 0 0 0 0 0 0 0 0 0 0 0 0 0 0 0 0 0 0 0 0 2 4 5 5 4 4 4 5 6 8 8 7 6 4 0 0 0 0 0 0 0 0
 0 0 0 0 0 0 0 0 0 0 0 0 0 0 0 0 0 0 0 0 0 0 0 0 0 0 0 0 0 0 0 0 0 0 0 0 0 0 0 0 0 0 0 0 0 0 0 0 0 0 0 0 0 0 0 0 0 0 0 0 0 7 8 8 7 8 12 13 13 13 13 14 14 13 13 13 14 14 13 13 13 12 12 12 12 9 8 8 9 9 7 5 4 3 3 4 4 4 4 4 2 0 0 0 0 0 0 5 5 7 8 9 12 12 13 13 13 13 13 13 12 12 7 1 0 0 0 0
 12 12 12 8 7 9 12 12 12 12 7 0 0 0 0 0 0 0 0 0 0 0 0 0 0 2 2 0 0 0 0 0 0 0 0 0 0 0 0 0 0 0 0 0 0 0 0 0 0 0 0 0 0 0 0 0 1 8 9 9 12 12 12 12 12 12 13 13 13 13 13 13 14 14 14 14 14 14 14 14 14 13 13 12 12 12 12 13 13 13 13 14 14 13 13 12 12 12 12 12 8 3 0 0 0 0 2 5 5 9 12 13 13 13 14 14 14 14 14 14 14 14 14 14 12 12 12 12
 12 12 13 13 12 12 14 14 14 14 14 12 12 13 13 12 8 6 0 0 6 9 9 9 9 9 9 9 7 7 7 6 1 0 0 0 0 0 0 0 0 3 5 5 2 1 0 0 0 3 5 7 8 8 9 9 12 9 12 12 12 12 12 12 12 12 12 12 12 12 13 13 13 13 13 13 13 13 13 14 14 14 14 14 14 14 14 14 14 14 14 14 14 14 14 13 14 14 14 13 13 12 8 1 0 0 0 4 5 9 12 13 14 14 14 14 14 14 14 13 14 15 15 15 15 15 14 14
 13 13 14 15 15 15 15 15 15 15 15 14 15 15 14 14 13 14 14 14 14 14 13 13 13 13 13 12 12 12 12 12 12 12 12 12 12 12 12 12 12 12 12 13 13 13 12 12 12 12 13 13 13 13 12 12 12 12 12 12 12 12 12 12 12 12 12 12 12 12 12 12 12 12 12 13 13 13 14 14 14 14 14 15 15 15 15 15 15 15 15 15 15 15 14 14 14 14 14 14 14 13 13 12 9 7 0 0 3 7 12 12 12 13 13 14 14 14 14 14 14 15 15 15 15 15 15 15
 15 15 15 15 15 15 15 15 15 15 15 15 15 15 15 15 15 15 15 15 14 14 14 14 14 12 12 12 9 8 12 14 14 14 14 14 14 14 14 14 14 14 14 14 14 14 14 14 14 13 13 13 12 12 12 12 12 12 12 13 14 14 14 14 14 14 13 13 13 13 13 12 12 12 12 12 12 13 13 13 14 13 13 14 14 14 15 15 15 15 15 15 15 15 15 15 15 15 15 15 14 14 13 12 12 12 12 12 9 9 9 7 8 8 9 9 12 12 12 13 13 13 14 14 15 15 15 15
 14 14 15 15 15 15 14 14 15 15 15 15 15 15 15 15 15 15 15 15 15 15 14 12 12 12 12 12 12 12 14 14 14 14 14 13 14 14 14 14 14 14 14 14 14 14 14 14 14 13 12 12 12 12 12 12 12 13 14 15 15 15 15 15 14 14 14 14 14 14 14 13 12 12 12 12 12 12 12 12 12 13 13 13 13 13 14 14 14 14 14 14 14 14 14 14 15 15 15 14 14 14 13 12 12 12 12 13 13 13 12 12 12 12 12 12 12 12 7 13 13 13 13 13 13 12 13 13
 12 12 12 13 14 14 13 13 13 13 15 15 15 13 12 13 13 13 13 14 14 14 14 12 12 12 12 12 12 13 14 14 14 13 13 13 13 13 13 13 14 14 14 14 14 14 14 13 13 12 12 12 12 13 13 13 12 13 12 12 12 13 15 15 15 15 15 15 14 14 14 14 13 12 12 12 12 12 12 12 12 12 12 12 12 12 12 12 13 13 13 14 13 14 15 15 15 15 14 14 13 12 12 12 12 12 12 12 12 12 12 12 12 12 12 12 12 13 13 13 13 14 14 13 12 12 12 12
 12 12 12 12 12 12 12 12 12 13 14 14 14 13 12 12 12 13 13 13 14 14 13 12 12 12 12 12 12 13 14 13 13 13 13 13 13 13 12 12 13 13 13 13 13 13 13 12 12 12 12 12 13 13 14 14 12 12 12 12 12 12 12 14 15 15 15 15 15 15 14 14 14 14 14 13 13 12 13 13 13 13 13 13 12 12 12 12 12 13 13 13 14 14 14 14 14 14 14 13 12 12 0 0 2 12 12 12 12 12 12 12 12 12 12 12 12 13 12 12 14 14 13 13 12 12 12 12
 12 12 12 12 13 14 14 14 14 14 13 12 13 13 13 13 13 13 13 13 14 13 12 5 0 4 12 12 12 13 13 13 13 12 12 12 12 12 12 12 12 12 13 13 13 13 13 12 12 12 13 12 12 12 14 14 14 13 12 12 12 12 12 12 12 14 15 15 15 15 15 15 14 14 14 14 14 14 14 14 14 14 13 13 12 12 12 12 12 12 13 13 14 14 14 14 14 14 13 13 12 0 0 0 0 2 2 5 8 12 14 14 13 13 14 14 14 13 12 14 13 13 13 12 12 12 12 12
 13 14 12 13 14 14 14 14 15 15 14 12 12 12 12 12 12 12 12 13 14 14 13 12 12 12 12 12 12 12 12 12 12 12 12 12 12 12 13 13 13 13 13 14 14 14 14 14 13 13 14 12 9 12 14 14 14 14 12 0 0 7 8 9 12 13 14 15 15 15 15 14 14 14 14 15 15 15 15 15 14 14 14 14 13 13 12 12 12 12 12 13 13 14 14 14 13 13 12 12 12 0 0 0 0 1 2 9 15 15 15 15 15 15 15 15 15 15 14 14 13 12 12 12 12 12 13 13
 13 14 13 14 14 14 14 14 14 15 15 14 12 12 12 12 12 12 12 13 14 14 14 14 13 13 12 12 12 12 12 12 12 12 12 12 13 13 13 13 14 14 14 14 14 14 14 14 14 14 14 7 4 12 14 14 14 14 13 7 0 0 6 6 6 6 9 12 14 15 14 15 15 15 15 15 15 15 15 15 15 15 14 14 13 13 12 12 12 12 12 13 13 13 13 13 13 12 12 12 12 3 0 0 0 1 1 8 15 15 15 15 15 15 15 15 14 14 14 14 13 12 12 12 13 13 13 12
 13 14 14 14 12 13 15 15 13 12 13 13 14 13 12 12 12 12 12 13 14 15 15 14 13 13 12 12 12 12 12 12 12 12 13 13 13 13 14 14 14 14 14 15 15 15 15 15 15 14 12 0 0 12 14 14 14 14 12 7 4 0 0 8 12 12 13 13 14 13 15 15 15 15 15 15 15 15 15 15 15 14 14 14 14 13 13 12 12 12 13 13 13 13 12 12 12 12 13 13 13 7 0 0 0 0 0 0 9 15 15 15 15 15 15 15 14 14 14 13 12 12 12 12 12 12 13 13
 15 15 15 15 13 13 13 12 13 12 13 13 14 14 13 12 12 12 12 13 14 15 14 14 14 13 13 12 12 12 13 13 13 13 13 14 14 14 14 14 14 14 15 15 15 15 15 15 13 7 0 0 0 12 14 14 14 12 8 6 6 0 0 5 12 14 15 14 12 15 15 14 15 15 15 15 15 15 15 14 14 14 14 14 13 13 13 12 12 12 13 13 13 12 12 12 13 13 13 13 13 12 0 0 0 0 0 0 3 12 15 15 15 15 15 14 14 13 13 13 13 12 12 12 12 12 13 14
 14 15 15 15 14 13 4 0 5 12 13 12 12 14 14 12 12 12 12 12 13 14 14 14 14 13 13 12 12 12 12 13 13 13 14 14 14 14 14 13 12 8 8 12 12 12 12 8 0 0 0 0 0 0 13 13 13 9 7 8 8 0 5 9 12 15 15 14 15 15 15 15 15 15 15 15 15 15 14 14 13 13 12 12 13 13 12 12 12 12 12 12 12 12 12 12 13 13 13 13 13 12 0 0 0 0 0 0 0 3 12 14 14 14 14 14 13 13 13 13 13 12 12 12 13 13 12 13
 12 14 14 14 13 7 0 0 0 0 0 11 9 14 14 9 10 13 14 12 12 13 14 14 14 13 12 11 12 12 11 9 13 12 11 11 13 14 14 13 8 0 0 0 0 1 1 0 0 0 0 0 0 0 9 13 10 7 10 7 8 9 11 10 11 15 15 15 15 15 15 15 15 15 15 15 15 14 14 14 14 13 13 13 13 13 12 11 11 12 12 12 13 13 12 12 12 13 13 13 13 13 2 0 0 0 0 0 0 0 6 12 13 13 13 11 11 12 14 13 13 13 12 12 13 13 12 12
 11 13 14 14 12 1 0 0 0 0 0 4 9 14 14 10 10 12 14 14 13 12 13 13 13 13 11 12 13 13 13 10 10 10 11 11 13 14 14 14 2 0 0 0 0 0 0 0 0 0 0 0 0 0 4 12 9 8 10 9 10 10 12 11 8 15 14 15 15 15 15 15 15 15 14 14 14 13 13 14 13 13 13 13 13 12 12 11 11 11 12 12 12 12 12 12 12 13 13 13 13 13 6 0 0 0 0 0 0 0 0 9 12 12 11 10 10 12 14 14 14 13 12 11 12 13 14 14
 14 10 12 14 10 0 0 0 0 0 0 0 6 12 13 10 6 12 15 15 15 14 13 12 12 11 12 13 13 13 13 12 14 14 14 11 14 14 14 9 0 0 0 0 0 0 0 0 0 0 0 0 0 0 4 12 9 8 11 9 11 12 13 12 8 11 14 15 15 15 15 15 15 14 14 12 11 12 13 13 13 13 13 12 12 12 11 11 11 11 11 11 11 12 12 12 12 12 12 12 13 13 10 0 0 0 0 0 0 0 0 1 10 11 13 14 14 14 14 14 14 13 12 11 12 13 14 14
