# Created by hand, Fri May 27 10:19:27 2011 CEST <bastian@snotra>
# name: small
# type: matrix
# rows: 4
# columns: 8
 2 1 0 1 2 2 2 2
 1 1 0 0 0 1 2 2
 2 1 0 0 0 0 0 2
 2 2 1 0 1 1 0 1
